8289
5419
12015
2190
2401
2415
2380
4117
5526
15025
27356
529
6812
589
9157
1101
530
927
18185
690
12887
9887
2608
626
665
653
567
571
9019
2685
1869
153974
30814
531
534
532
539
1403
532
935
18221
637
579
11410
563
559
571
571
567
559
9030
578
2613
369845
2615
751
818
1225
829
935
1949
623
1820
871
1534
147102
26540
531
947
19657
637
10074
10490
29624
4602
1853
1841
1448
1478
721
1507
1963
2227
647
950
1628
1720
834
5257
29660
804
373236
1251
217694
159830
5167
8936
736
11848
5578
33994
3032
5067
61206
93890
5337
16680
3584
4084
2521
6829
3258
12703
16606
8267
5395
2641
8363
2047
3332
2407
1711
2913
1688
6394
3143
2342
1930
2016
3355
2589
2503
3150
5817
129275
388
40607
502
16459
718
859
583
1125
661
13149
121723
416
16459
1116
14241
708
3043
1368
921
546
66085
744
790
612
9868
832
9227
18496
9981
6712
5917
1504
2273
1176
1499
1714
2214
1330
1324
1446
1631
1823
10760
679
1798
2155
1555
7636
1643
1526
1533
1694
1512
1786
1630
1729
1566
26599
1075
1682
1015
2111
839
2156
1543
1970
2268
2978
3581
651
795
1196
769
759
1214
1162
1088
1030
1205
1095
999
19986
560
1019
8883
576
13835
5759
7538
3486
2355
1069
1342
1147
1240
1241
937
1293
22234
586
3577
2794
1407
1184
467
535
535
535
976
509
520
520
978
934
511
968
535
499
515
1433
988
666
505
20774
12366
1924
24766
622
2015
1415
1293
2132
1439
1606
1631
1044
1766
1312
1138
12557
1158
650
859
6258
133183
223271
16503
1403
9094
3178
9360
923
663
879
1017
866
925
941
925
1304
887
878
881
952
1103
6287
10976
7540
2930
14549
10100
13068
16301
10188
13669
15397
6121
988
66045
844
790
586
773
832
586
1382
894
889
1036
783
850
26064
884
1256
72140
17663
866
66157
858
654
841
654
786
858
26062
72015
17658
866
33403
865
661
848
661
827
873
901
