16
12
21
10
10
10
11
11
12
35
41
8
13
8
25
8
8
8
33
8
22
17
11
8
8
9
8
8
16
11
10
198
46
8
8
8
8
8
8
8
32
8
8
20
9
9
8
8
8
9
17
8
12
461
15
8
8
9
8
8
11
8
10
8
8
184
41
8
7
34
8
17
17
48
13
9
11
10
12
8
12
8
15
7
10
7
10
7
12
45
7
457
7
284
239
16
19
9
23
13
53
14
12
88
128
14
27
11
13
12
13
13
23
27
16
15
10
16
10
11
10
9
11
9
15
11
11
12
12
11
12
11
12
12
189
12
117
8
26
8
8
8
8
8
23
191
9
26
8
24
9
11
8
9
8
91
9
9
9
29
9
36
32
20
16
16
10
12
9
12
11
12
10
10
10
10
11
22
8
11
12
10
16
9
10
11
10
10
11
10
10
10
47
11
8
9
13
8
13
9
12
12
15
14
12
8
11
8
10
10
9
8
8
8
8
8
32
8
9
19
8
23
11
15
16
9
7
7
7
7
7
7
7
33
7
15
9
7
7
7
7
7
7
8
10
8
8
9
12
9
9
7
10
8
9
8
8
9
32
20
10
35
7
9
7
7
14
7
7
7
7
7
7
7
19
8
7
8
18
280
390
28
9
18
11
20
9
8
9
9
8
9
8
9
9
9
9
9
9
8
16
20
16
15
24
19
22
28
20
24
30
14
10
94
8
9
8
9
9
8
10
9
9
9
9
9
38
9
10
102
27
9
89
9
8
9
8
9
9
43
113
28
9
43
9
8
9
8
9
9
8
