0.126786
0.217878
0.284761
0.174899
0.355829
0.304084
0.165051
0.191635
0.269313
1659.888306
0.881843
0.203547
0.284074
0.123741
0.892793
0.153487
0.146347
0.103916
1.440968
0.159508
0.401117
0.524881
0.304409
0.209290
0.175961
0.137955
0.112099
0.100273
0.182056
0.268566
0.056427
0.952652
0.461304
0.184692
0.177948
0.116837
0.164978
0.149551
0.116058
0.106201
0.342682
0.261749
0.229492
0.539032
0.280151
0.185150
0.131989
0.143982
0.111145
0.100342
0.190308
0.129822
0.109985
3.787872
0.587769
0.026581
0.027740
0.180328
0.021973
0.043121
0.503418
0.032501
0.477570
0.023682
0.131470
0.916290
1.093689
0.170135
3.098663
1.330200
0.244781
0.284271
0.187714
5.286072
0.370209
0.511322
0.632568
0.945740
3.192413
0.245544
0.508118
3.380890
0.614166
0.226654
0.282928
0.221069
0.457611
0.250488
0.435028
4.195831
0.247253
4.084808
0.069611
25.019135
107.184052
10.566895
1.908997
0.165710
30.357483
0.768677
1.688049
67.206665
0.541504
1.304016
1.395569
0.381592
0.401917
0.251099
0.387878
0.456360
0.325317
1.179504
0.342468
0.442261
2.405884
0.493774
0.230774
0.402710
0.574829
0.488647
0.280151
0.210022
0.390869
0.215210
0.529541
0.464111
0.509766
0.226440
0.269470
0.256836
0.602966
0.493896
3.260498
3.214417
9.963196
3.639404
589.863098
0.433655
0.343994
0.228577
0.401794
0.152649
0.147705
0.152283
0.484680
7.955078
0.464966
0.290039
0.160828
0.417603
3.167114
3.337708
0.202820
0.149231
0.213196
1.097229
0.277527
0.286804
0.219971
502.387024
0.211609
11.404053
0.417847
0.191772
0.252319
0.148071
0.086792
0.116089
0.038940
0.097290
0.209839
0.080933
0.199585
0.173828
0.161011
0.235229
0.259766
0.221680
0.061401
0.261353
0.044800
0.022583
0.052246
0.022583
0.038818
0.081299
0.126831
0.102295
0.142700
0.107178
0.101074
0.079102
0.895142
0.191650
0.186768
0.186768
0.237793
0.164062
0.356689
0.168457
0.155884
0.207397
0.183228
0.182983
0.153931
0.125488
0.151367
0.128418
0.317749
0.244019
0.234009
0.153687
0.136719
0.206909
0.136841
0.156372
0.259521
0.057739
0.061035
0.144653
0.092773
0.191895
0.122192
0.158447
0.534668
0.071899
0.026245
0.032593
0.028198
0.100342
0.058228
0.069214
0.095093
0.207886
0.091919
0.909058
0.162476
0.041992
0.028076
0.018433
0.062744
0.042847
0.093750
0.051514
0.053711
0.119141
0.033447
0.034180
0.042847
0.033325
0.037476
0.054810
0.050537
0.028564
0.190918
0.024048
0.039673
0.048218
0.229248
0.246948
0.290771
0.301025
0.108154
0.210327
0.071655
0.101074
0.447510
0.038818
0.032349
0.038452
0.029419
0.092041
0.081909
0.062500
0.198730
0.144043
0.034790
0.102661
214.267212
289.328003
287.963745
0.460938
0.210693
0.410156
0.460449
0.388916
0.203979
0.246826
0.155884
0.161865
0.192505
0.152832
0.191162
0.155518
0.245850
0.168579
0.207886
0.195435
0.242432
0.154663
0.402100
0.401855
0.444336
1.380005
0.582031
0.380249
0.412598
0.466553
0.473267
0.401489
1.094116
0.390137
0.184814
4.653564
0.269287
0.250610
0.211914
0.218750
0.227783
0.266357
3.623779
0.354980
0.340942
0.195923
0.197754
0.199219
1.594238
0.270508
0.209717
1.044434
0.724609
0.196533
1.059082
0.208496
0.364746
0.229492
0.220703
0.343262
0.205566
1.287109
1.400146
0.855225
0.199707
0.830078
0.283203
0.221680
0.301758
0.329346
0.277100
0.202393
0.200684
